(0.128, 0.14348097317529632)
[1038.7659817934036, 1654.8185050487518, 2001.7513636350632, 2540.9604855775833]
[149.04315396910968, 211.81676864624023, 287.2132337093353, 325.2429421539307]
(0.128, 0.14348097317529632)
[1038.7659817934036, 1654.8185050487518, 2001.7513636350632, 2540.9604855775833]
[149.04315396910968, 211.81676864624023, 287.2132337093353, 325.2429421539307]
(0.128, 0.14348097317529632)
[1038.7659817934036, 1654.8185050487518, 2001.7513636350632, 2540.9604855775833]
[149.04315396910968, 211.81676864624023, 287.2132337093353, 325.2429421539307]
(0.128, 0.14348097317529632)
[1038.7659817934036, 1654.8185050487518, 2001.7513636350632, 2540.9604855775833]
[149.04315396910968, 211.81676864624023, 287.2132337093353, 325.2429421539307]
(0.128, 0.14348097317529632)
[1038.7659817934036, 1654.8185050487518, 2001.7513636350632, 2540.9604855775833]
[149.04315396910968, 211.81676864624023, 287.2132337093353, 325.2429421539307]
(0.128, 0.14348097317529632)
[1038.7659817934036, 1654.8185050487518, 2001.7513636350632, 2540.9604855775833]
[149.04315396910968, 211.81676864624023, 287.2132337093353, 325.2429421539307]
(0.128, 0.14348097317529632)
[1038.7659817934036, 1654.8185050487518, 2001.7513636350632, 2540.9604855775833]
[149.04315396910968, 211.81676864624023, 287.2132337093353, 325.2429421539307]
(0.128, 0.14348097317529632)
[1038.7659817934036, 1654.8185050487518, 2001.7513636350632, 2540.9604855775833]
[149.04315396910968, 211.81676864624023, 287.2132337093353, 325.2429421539307]
(0.128, 0.14348097317529632)
[1786.9701981544495, 2495.9516525268555, 2182.9552005529404, 2899.0999175310135]
[256.39622306645254, 319.4818115234375, 313.21253657341003, 371.0847894439697]
(0.128, 0.14348097317529632)
[1786.9701981544495, 2495.9516525268555, 2182.9552005529404, 2899.0999175310135]
[256.39622306645254, 319.4818115234375, 313.21253657341003, 371.0847894439697]
(0.128, 0.14348097317529632)
[1786.9701981544495, 2495.9516525268555, 2182.9552005529404, 2899.0999175310135]
[256.39622306645254, 319.4818115234375, 313.21253657341003, 371.0847894439697]
(0.128, 0.14348097317529632)
[1786.9701981544495, 2495.9516525268555, 2182.9552005529404, 2899.0999175310135]
[256.39622306645254, 319.4818115234375, 313.21253657341003, 371.0847894439697]
(0.128, 0.14348097317529632)
[1786.9701981544495, 2495.9516525268555, 2182.9552005529404, 2899.0999175310135]
[256.39622306645254, 319.4818115234375, 313.21253657341003, 371.0847894439697]
(0.128, 0.14348097317529632)
[1786.9701981544495, 2495.9516525268555, 2182.9552005529404, 2899.0999175310135]
[256.39622306645254, 319.4818115234375, 313.21253657341003, 371.0847894439697]
(0.128, 0.14348097317529632)
[1786.9701981544495, 2495.9516525268555, 2182.9552005529404, 2899.0999175310135]
[256.39622306645254, 319.4818115234375, 313.21253657341003, 371.0847894439697]
(0.128, 0.14348097317529632)
[1786.9701981544495, 2495.9516525268555, 2182.9552005529404, 2899.0999175310135]
[256.39622306645254, 319.4818115234375, 313.21253657341003, 371.0847894439697]
(0.128, 0.14348097317529632)
[521.9855904579163, 653.2358378171921, 2209.2976826429367, 2330.6574662923813]
[74.8950005023835, 83.61418724060059, 316.9921815395355, 298.3241556854248]
(0.128, 0.14348097317529632)
[521.9855904579163, 653.2358378171921, 2209.2976826429367, 2330.6574662923813]
[74.8950005023835, 83.61418724060059, 316.9921815395355, 298.3241556854248]
(0.128, 0.14348097317529632)
[521.9855904579163, 653.2358378171921, 2209.2976826429367, 2330.6574662923813]
[74.8950005023835, 83.61418724060059, 316.9921815395355, 298.3241556854248]
(0.128, 0.14348097317529632)
[521.9855904579163, 653.2358378171921, 2209.2976826429367, 2330.6574662923813]
[74.8950005023835, 83.61418724060059, 316.9921815395355, 298.3241556854248]
(0.128, 0.14348097317529632)
[521.9855904579163, 653.2358378171921, 2209.2976826429367, 2330.6574662923813]
[74.8950005023835, 83.61418724060059, 316.9921815395355, 298.3241556854248]
(0.128, 0.14348097317529632)
[521.9855904579163, 653.2358378171921, 2209.2976826429367, 2330.6574662923813]
[74.8950005023835, 83.61418724060059, 316.9921815395355, 298.3241556854248]
(0.128, 0.14348097317529632)
[521.9855904579163, 653.2358378171921, 2209.2976826429367, 2330.6574662923813]
[74.8950005023835, 83.61418724060059, 316.9921815395355, 298.3241556854248]
(0.128, 0.14348097317529632)
[521.9855904579163, 653.2358378171921, 2209.2976826429367, 2330.6574662923813]
[74.8950005023835, 83.61418724060059, 316.9921815395355, 298.3241556854248]
132 287
132 287
132 287
132 287
132 287
132 287
132 287
132 287
228 313
228 313
228 313
228 313
228 313
228 313
228 313
228 313
66 316
66 316
66 316
66 316
66 316
66 316
66 316
66 316
132 287
132 287
132 287
132 287
132 287
132 287
132 287
132 287
228 313
228 313
228 313
228 313
228 313
228 313
228 313
66 316
66 316
66 316
66 316
66 316
66 316
66 316
66 316
